[gd_scene load_steps=6 format=2]

[ext_resource path="res://eyelight.tres" type="Material" id=1]

[sub_resource type="SphereMesh" id=1]
radius = 0.1
height = 0.2
radial_segments = 16
rings = 8

[sub_resource type="CubeMesh" id=2]
size = Vector3( 0.1, 0.1, 0.1 )

[sub_resource type="CubeMesh" id=3]
size = Vector3( 0.06, 0.06, 0.06 )

[sub_resource type="CubeMesh" id=4]
size = Vector3( 0.03, 0.03, 0.03 )

[node name="player" type="Spatial"]

[node name="head" type="MeshInstance" parent="."]
mesh = SubResource( 1 )
material/0 = null

[node name="MeshInstance" type="MeshInstance" parent="head"]
transform = Transform( -0.707107, 6.18173e-08, -0.707107, -0.5, -0.707107, 0.5, -0.5, 0.707107, 0.5, 0, 0.0157592, -0.0321205 )
mesh = SubResource( 2 )
material/0 = ExtResource( 1 )

[node name="righthand" type="MeshInstance" parent="."]
mesh = SubResource( 3 )
material/0 = null

[node name="MeshInstance" type="MeshInstance" parent="righthand"]
transform = Transform( -3.09086e-08, -0.707107, -0.707107, 0.707107, -0.5, 0.5, -0.707107, -0.5, 0.5, 0, 0, -0.0196109 )
mesh = SubResource( 4 )
material/0 = ExtResource( 1 )

[node name="lefthand" type="MeshInstance" parent="."]
mesh = SubResource( 3 )
material/0 = null

[node name="MeshInstance" type="MeshInstance" parent="lefthand"]
transform = Transform( -3.09086e-08, -0.707107, -0.707107, 0.707107, -0.5, 0.5, -0.707107, -0.5, 0.5, 0, 0, -0.0196109 )
mesh = SubResource( 4 )
material/0 = ExtResource( 1 )
