[gd_scene load_steps=85 format=2]

[ext_resource path="res://lowpolyscififps/Character.escn" type="PackedScene" id=1]
[ext_resource path="res://lowpolyscififps/Rifle.escn" type="PackedScene" id=2]

[sub_resource type="SphereShape" id=1]
radius = 0.146924

[sub_resource type="CylinderShape" id=2]
radius = 0.0690702
height = 0.0980346

[sub_resource type="BoxShape" id=3]
extents = Vector3( 0.246445, 0.167914, 0.180909 )

[sub_resource type="BoxShape" id=4]
extents = Vector3( 0.17991, 0.119546, 0.085036 )

[sub_resource type="BoxShape" id=5]
extents = Vector3( 0.246446, 0.14373, 0.0864166 )

[sub_resource type="CapsuleShape" id=6]
radius = 0.00992046
height = 0.0793637

[sub_resource type="CapsuleShape" id=7]
radius = 0.00992046
height = 0.0793637

[sub_resource type="BoxShape" id=8]
extents = Vector3( 0.0973402, 0.0834309, 0.144423 )

[sub_resource type="BoxShape" id=9]
extents = Vector3( 0.0764326, 0.0574145, 0.239932 )

[sub_resource type="BoxShape" id=10]
extents = Vector3( 0.128555, 0.0800747, 0.215458 )

[sub_resource type="BoxShape" id=11]
extents = Vector3( 0.0858896, 0.0723719, 0.257933 )

[sub_resource type="AnimationNodeAnimation" id=12]
animation = "LookUp"

[sub_resource type="AnimationNodeAnimation" id=13]
animation = "LookDown"

[sub_resource type="AnimationNodeAnimation" id=14]
animation = "LookRight"

[sub_resource type="AnimationNodeAnimation" id=15]
animation = "LookLeft"

[sub_resource type="AnimationNodeAnimation" id=16]
animation = "LookRightUp"

[sub_resource type="AnimationNodeAnimation" id=17]
animation = "LookRightDown"

[sub_resource type="AnimationNodeAnimation" id=18]
animation = "LookLeftUp"

[sub_resource type="AnimationNodeAnimation" id=19]
animation = "LookLeftDown"

[sub_resource type="AnimationNodeBlendSpace2D" id=20]
blend_point_0/node = SubResource( 12 )
blend_point_0/pos = Vector2( 0, 1 )
blend_point_1/node = SubResource( 13 )
blend_point_1/pos = Vector2( 0, -1 )
blend_point_2/node = SubResource( 14 )
blend_point_2/pos = Vector2( -1, 0 )
blend_point_3/node = SubResource( 15 )
blend_point_3/pos = Vector2( 1, 0 )
blend_point_4/node = SubResource( 16 )
blend_point_4/pos = Vector2( -1, 1 )
blend_point_5/node = SubResource( 17 )
blend_point_5/pos = Vector2( -1, -1 )
blend_point_6/node = SubResource( 18 )
blend_point_6/pos = Vector2( 1, 1 )
blend_point_7/node = SubResource( 19 )
blend_point_7/pos = Vector2( 1, -1 )

[sub_resource type="AnimationNodeBlend2" id=21]
filter_enabled = true
filters = [ ".:Camera", ".:Chest", ".:HandHold.R", ".:Head", ".:LowerArm.L", ".:LowerArm.R", ".:LowerHand.L", ".:LowerHand.R", ".:LowerThumb.L", ".:LowerThumb.R", ".:Neck", ".:Shoulder.L", ".:Shoulder.R", ".:Torso", ".:UpperArm.L", ".:UpperArm.R", ".:UpperHand.L", ".:UpperHand.R", ".:UpperThumb.L", ".:UpperThumb.R" ]

[sub_resource type="AnimationNodeTimeScale" id=22]

[sub_resource type="AnimationNodeAnimation" id=23]
animation = "CrouchIdle-loop"

[sub_resource type="AnimationNodeAnimation" id=24]
animation = "CrouchForward-loop"

[sub_resource type="AnimationNodeAnimation" id=25]
animation = "CrouchBackward-loop"

[sub_resource type="AnimationNodeAnimation" id=26]
animation = "CrouchRight-loop"

[sub_resource type="AnimationNodeAnimation" id=27]
animation = "CrouchLeft-loop"

[sub_resource type="AnimationNodeBlendSpace2D" id=28]
blend_point_0/node = SubResource( 23 )
blend_point_0/pos = Vector2( 0, 0 )
blend_point_1/node = SubResource( 24 )
blend_point_1/pos = Vector2( 0, 1 )
blend_point_2/node = SubResource( 25 )
blend_point_2/pos = Vector2( 0, -1 )
blend_point_3/node = SubResource( 26 )
blend_point_3/pos = Vector2( 1, 0 )
blend_point_4/node = SubResource( 27 )
blend_point_4/pos = Vector2( -1, 0 )

[sub_resource type="AnimationNodeAnimation" id=29]
animation = "RunForward-loop"

[sub_resource type="AnimationNodeAnimation" id=30]
animation = "RunBackward-loop"

[sub_resource type="AnimationNodeAnimation" id=31]
animation = "RunRight-loop"

[sub_resource type="AnimationNodeAnimation" id=32]
animation = "RunLeft-loop"

[sub_resource type="AnimationNodeAnimation" id=33]
animation = "CombatIdle-loop"

[sub_resource type="AnimationNodeBlendSpace2D" id=34]
blend_point_0/node = SubResource( 29 )
blend_point_0/pos = Vector2( 0, 1 )
blend_point_1/node = SubResource( 30 )
blend_point_1/pos = Vector2( 0, -0.9 )
blend_point_2/node = SubResource( 31 )
blend_point_2/pos = Vector2( 1, 0 )
blend_point_3/node = SubResource( 32 )
blend_point_3/pos = Vector2( -1, 0 )
blend_point_4/node = SubResource( 33 )
blend_point_4/pos = Vector2( 0, 0 )

[sub_resource type="AnimationNodeAnimation" id=35]
animation = "Slide"

[sub_resource type="AnimationNodeTimeScale" id=36]

[sub_resource type="AnimationNodeBlendTree" id=37]
nodes/Animation/node = SubResource( 35 )
nodes/Animation/position = Vector2( 62, 164 )
nodes/output/position = Vector2( 440, 160 )
nodes/speed/node = SubResource( 36 )
nodes/speed/position = Vector2( 240, 160 )
node_connections = [ "speed", 0, "Animation", "output", 0, "speed" ]

[sub_resource type="AnimationNodeAnimation" id=38]
animation = "Sprint-loop"

[sub_resource type="AnimationNodeTimeScale" id=39]

[sub_resource type="AnimationNodeBlendTree" id=40]
nodes/Animation/node = SubResource( 38 )
nodes/Animation/position = Vector2( 79, 139 )
nodes/output/position = Vector2( 480, 160 )
nodes/speed/node = SubResource( 39 )
nodes/speed/position = Vector2( 280, 160 )
node_connections = [ "speed", 0, "Animation", "output", 0, "speed" ]

[sub_resource type="AnimationNodeAnimation" id=41]
animation = "TurnRight"

[sub_resource type="AnimationNodeAnimation" id=42]
animation = "TurnLeft"

[sub_resource type="AnimationNodeBlendSpace1D" id=43]
blend_point_0/node = SubResource( 41 )
blend_point_0/pos = -1.0
blend_point_1/node = SubResource( 42 )
blend_point_1/pos = 1.0

[sub_resource type="AnimationNodeTimeScale" id=44]

[sub_resource type="AnimationNodeBlendTree" id=45]
graph_offset = Vector2( -337, 19 )
nodes/direction/node = SubResource( 43 )
nodes/direction/position = Vector2( -170, 128 )
nodes/speed/node = SubResource( 44 )
nodes/speed/position = Vector2( 80, 120 )
node_connections = [ "speed", 0, "direction", "output", 0, "speed" ]

[sub_resource type="AnimationNodeAnimation" id=46]
animation = "Vault"

[sub_resource type="AnimationNodeTimeScale" id=47]

[sub_resource type="AnimationNodeBlendTree" id=48]
nodes/Animation/node = SubResource( 46 )
nodes/Animation/position = Vector2( 91, 142 )
nodes/output/position = Vector2( 460, 140 )
nodes/speed/node = SubResource( 47 )
nodes/speed/position = Vector2( 280, 140 )
node_connections = [ "speed", 0, "Animation", "output", 0, "speed" ]

[sub_resource type="AnimationNodeStateMachineTransition" id=49]
xfade_time = 0.1

[sub_resource type="AnimationNodeStateMachineTransition" id=50]
switch_mode = 2
auto_advance = true
xfade_time = 0.1

[sub_resource type="AnimationNodeStateMachineTransition" id=51]
switch_mode = 1
xfade_time = 0.2

[sub_resource type="AnimationNodeStateMachineTransition" id=52]
switch_mode = 1
xfade_time = 0.2

[sub_resource type="AnimationNodeStateMachineTransition" id=53]
switch_mode = 2
auto_advance = true
xfade_time = 0.1

[sub_resource type="AnimationNodeStateMachineTransition" id=54]
xfade_time = 0.2

[sub_resource type="AnimationNodeStateMachineTransition" id=55]
xfade_time = 0.2

[sub_resource type="AnimationNodeStateMachineTransition" id=56]
xfade_time = 0.1

[sub_resource type="AnimationNodeStateMachineTransition" id=57]
xfade_time = 0.1

[sub_resource type="AnimationNodeStateMachineTransition" id=58]
xfade_time = 0.2

[sub_resource type="AnimationNodeStateMachineTransition" id=59]
switch_mode = 2
auto_advance = true
xfade_time = 0.2

[sub_resource type="AnimationNodeStateMachine" id=60]
states/crouch/node = SubResource( 28 )
states/crouch/position = Vector2( 281, 258 )
states/run/node = SubResource( 34 )
states/run/position = Vector2( 448, 258 )
states/slide/node = SubResource( 37 )
states/slide/position = Vector2( 448, 365 )
states/sprint/node = SubResource( 40 )
states/sprint/position = Vector2( 636, 258 )
states/turn/node = SubResource( 45 )
states/turn/position = Vector2( 448, 144 )
states/vault/node = SubResource( 48 )
states/vault/position = Vector2( 641, 164 )
transitions = [ "run", "vault", SubResource( 49 ), "vault", "run", SubResource( 50 ), "run", "crouch", SubResource( 51 ), "crouch", "run", SubResource( 52 ), "slide", "crouch", SubResource( 53 ), "run", "sprint", SubResource( 54 ), "sprint", "run", SubResource( 55 ), "sprint", "slide", SubResource( 56 ), "sprint", "vault", SubResource( 57 ), "run", "turn", SubResource( 58 ), "turn", "run", SubResource( 59 ) ]
start_node = "run"
graph_offset = Vector2( -13, 90 )

[sub_resource type="AnimationNodeBlend2" id=61]
filter_enabled = true
filters = [ ".:HandHold.R", ".:LowerArm.L", ".:LowerArm.R", ".:LowerHand.L", ".:LowerHand.R", ".:LowerThumb.L", ".:LowerThumb.R", ".:Shoulder.L", ".:Shoulder.R", ".:UpperArm.L", ".:UpperArm.R", ".:UpperHand.L", ".:UpperHand.R", ".:UpperThumb.L", ".:UpperThumb.R" ]

[sub_resource type="AnimationNodeAnimation" id=62]
animation = "AimRifle"

[sub_resource type="AnimationNodeAnimation" id=63]
animation = "AimFireRifle"

[sub_resource type="AnimationNodeOneShot" id=64]

[sub_resource type="AnimationNodeBlendTree" id=65]
nodes/Animation/node = SubResource( 63 )
nodes/Animation/position = Vector2( 60, 260 )
"nodes/Animation 2/node" = SubResource( 62 )
"nodes/Animation 2/position" = Vector2( 63, 125 )
nodes/fire/node = SubResource( 64 )
nodes/fire/position = Vector2( 300, 120 )
nodes/output/position = Vector2( 520, 160 )
node_connections = [ "output", 0, "fire", "fire", 0, "Animation 2", "fire", 1, "Animation" ]

[sub_resource type="AnimationNodeAnimation" id=66]
animation = "AimFireRifle"

[sub_resource type="AnimationNodeAnimation" id=67]
animation = "FireRifle"

[sub_resource type="AnimationNodeAnimation" id=68]
animation = "FireRifle"

[sub_resource type="AnimationNodeAnimation" id=69]
animation = "HoldRifle-loop"

[sub_resource type="AnimationNodeOneShot" id=70]

[sub_resource type="AnimationNodeBlendTree" id=71]
graph_offset = Vector2( -194, 67.5 )
nodes/Animation/node = SubResource( 69 )
nodes/Animation/position = Vector2( 60, 100 )
"nodes/Animation 2/node" = SubResource( 68 )
"nodes/Animation 2/position" = Vector2( 80, 240 )
nodes/fire/node = SubResource( 70 )
nodes/fire/position = Vector2( 300, 100 )
nodes/output/position = Vector2( 500, 120 )
node_connections = [ "output", 0, "fire", "fire", 0, "Animation", "fire", 1, "Animation 2" ]

[sub_resource type="AnimationNodeStateMachineTransition" id=72]
xfade_time = 0.3

[sub_resource type="AnimationNodeStateMachineTransition" id=73]
xfade_time = 0.5

[sub_resource type="AnimationNodeStateMachineTransition" id=74]

[sub_resource type="AnimationNodeStateMachineTransition" id=75]
switch_mode = 2
auto_advance = true
xfade_time = 0.2

[sub_resource type="AnimationNodeStateMachineTransition" id=76]

[sub_resource type="AnimationNodeStateMachineTransition" id=77]
switch_mode = 2
auto_advance = true
xfade_time = 0.2

[sub_resource type="AnimationNodeStateMachine" id=78]
states/aim/node = SubResource( 65 )
states/aim/position = Vector2( 717, 248 )
states/aimfire/node = SubResource( 66 )
states/aimfire/position = Vector2( 717, 325 )
states/fire/node = SubResource( 67 )
states/fire/position = Vector2( 540, 325 )
states/hold/node = SubResource( 71 )
states/hold/position = Vector2( 540, 248 )
transitions = [ "hold", "aim", SubResource( 72 ), "aim", "hold", SubResource( 73 ), "aim", "aimfire", SubResource( 74 ), "aimfire", "aim", SubResource( 75 ), "hold", "fire", SubResource( 76 ), "fire", "hold", SubResource( 77 ) ]
start_node = "hold"
graph_offset = Vector2( 104, 131 )

[sub_resource type="AnimationNodeBlendTree" id=79]
graph_offset = Vector2( -109.9, 62.35 )
nodes/look/node = SubResource( 20 )
nodes/look/position = Vector2( 200, 240 )
nodes/look_blend/node = SubResource( 21 )
nodes/look_blend/position = Vector2( 460, 80 )
nodes/move_speed/node = SubResource( 22 )
nodes/move_speed/position = Vector2( 220, 100 )
nodes/move_state/node = SubResource( 60 )
nodes/move_state/position = Vector2( -20, 100 )
nodes/output/position = Vector2( 860, 100 )
nodes/weapon_blend/node = SubResource( 61 )
nodes/weapon_blend/position = Vector2( 680, 80 )
nodes/weaponstate/node = SubResource( 78 )
nodes/weaponstate/position = Vector2( 420, 280 )
node_connections = [ "output", 0, "weapon_blend", "move_speed", 0, "move_state", "look_blend", 0, "move_speed", "look_blend", 1, "look", "weapon_blend", 0, "look_blend", "weapon_blend", 1, "weaponstate" ]

[sub_resource type="AnimationNodeStateMachinePlayback" id=80]

[sub_resource type="AnimationNodeStateMachinePlayback" id=81]

[sub_resource type="BoxShape" id=82]
extents = Vector3( 0.249499, 0.919909, 0.50665 )

[node name="Character" instance=ExtResource( 1 )]

[node name="WeaponHold" type="BoneAttachment" parent="Armature" index="2"]
transform = Transform( 0.998755, -0.0145198, 0.0477314, 0.0132755, 1.00002, 0.0261329, -0.0480898, -0.0254858, 0.998518, -0.196296, 1.45339, 0.372762 )
bone_name = "HandHold.R"

[node name="Rifle" parent="Armature/WeaponHold" index="0" instance=ExtResource( 2 )]

[node name="AimCamera" parent="Armature/WeaponHold/Rifle/Sight" index="0"]
visible = false

[node name="CameraHold" type="BoneAttachment" parent="Armature" index="3"]
transform = Transform( -0.999016, -0.000578936, -0.0443465, 0.000578745, 0.99966, -0.026088, 0.0443465, -0.0260881, -0.998676, 0.00233999, 1.75671, 0.043952 )
bone_name = "Camera"

[node name="Physical Bone Head" type="PhysicalBone" parent="Armature" index="4"]
transform = Transform( 0.999993, -0.00386149, -0.000203515, -2.98304e-05, 0.0449183, -0.998993, 0.0038668, 0.998984, 0.0449179, 0.000124287, 1.80237, -0.0256335 )
visible = false
joint_type = 3
joint_offset = Transform( 1, 0, 0, 0, 1, 0, 0, 0, 1, -2.42664e-05, 0.0242515, 0.0313184 )
body_offset = Transform( 0.999993, -0.00386173, -0.000203526, 0.00386704, 0.998984, 0.0449179, 2.98304e-05, -0.0449183, 0.998993, 0.000124293, -0.0256335, -0.0301975 )
bounce = 0.5
bone_name = "Head"
joint_constraints/angular_limit_enabled = true
joint_constraints/angular_limit_upper = 90.0
joint_constraints/angular_limit_lower = -90.0
joint_constraints/angular_limit_bias = 0.3
joint_constraints/angular_limit_softness = 0.9
joint_constraints/angular_limit_relaxation = 1.0

[node name="CollisionShape" type="CollisionShape" parent="Armature/Physical Bone Head" index="0"]
transform = Transform( 1, -2.84217e-14, 0, 1.42109e-14, 1, 4.65661e-10, 0, 0, 1, 9.99201e-16, 0.0272074, -0.0555511 )
shape = SubResource( 1 )

[node name="Physical Bone Neck" type="PhysicalBone" parent="Armature" index="5"]
transform = Transform( 0.999743, -0.00430024, 0.0222827, 0.0224333, 0.0389153, -0.998991, 0.00342879, 0.999233, 0.0390018, -0.0102501, 1.69213, -0.0179574 )
visible = false
joint_type = 3
joint_offset = Transform( 1, 0, 0, 0, 1, 0, 0, 0, 1, 0.00946931, 0.0164429, 0.0383228 )
body_offset = Transform( 0.999743, -0.00430048, 0.0222827, 0.00342903, 0.999233, 0.0390018, -0.0224333, -0.0389153, 0.998991, -0.0102501, -0.0179574, -0.0374318 )
bounce = 0.5
bone_name = "Neck"
joint_constraints/angular_limit_enabled = true
joint_constraints/angular_limit_upper = 90.0
joint_constraints/angular_limit_lower = -90.0
joint_constraints/angular_limit_bias = 0.3
joint_constraints/angular_limit_softness = 0.9
joint_constraints/angular_limit_relaxation = 1.0

[node name="CollisionShape" type="CollisionShape" parent="Armature/Physical Bone Neck" index="0"]
transform = Transform( 1, 0, 0, 0, -4.37114e-08, 1, 1.32349e-22, -1, -4.37114e-08, 0, 0, 0 )
shape = SubResource( 2 )

[node name="Physical Bone Chest" type="PhysicalBone" parent="Armature" index="6"]
transform = Transform( 0.999743, -0.00430056, 0.0222827, 0.0224333, 0.0389153, -0.998992, 0.00342909, 0.999234, 0.0390018, -0.00549548, 1.47897, -0.00963523 )
visible = false
joint_type = 3
joint_offset = Transform( 1, 0, 0, 0, 1, 0, 0, 0, 1, 0.00253125, 0.00440726, 0.133908 )
body_offset = Transform( 0.999743, -0.00430056, 0.0222827, 0.00342909, 0.999234, 0.0390018, -0.0224333, -0.0389153, 0.998992, -0.00549548, -0.00963523, -0.133545 )
bounce = 0.5
bone_name = "Chest"
joint_constraints/angular_limit_enabled = true
joint_constraints/angular_limit_upper = 90.0
joint_constraints/angular_limit_lower = -90.0
joint_constraints/angular_limit_bias = 0.3
joint_constraints/angular_limit_softness = 0.9
joint_constraints/angular_limit_relaxation = 1.0

[node name="CollisionShape" type="CollisionShape" parent="Armature/Physical Bone Chest" index="0"]
shape = SubResource( 3 )

[node name="Physical Bone Torso" type="PhysicalBone" parent="Armature" index="7"]
transform = Transform( 0.999999, -0.00193215, -5.08794e-05, -7.46342e-06, 0.0224649, -0.999747, 0.00193266, 0.999746, 0.0224648, 4.79691e-06, 1.21839, -0.00207373 )
visible = false
joint_type = 3
joint_offset = Transform( 1, 0, 0, 0, 1, 0, 0, 0, 1, -1.52066e-07, 0.000156124, 0.0853623 )
body_offset = Transform( 0.999999, -0.00193239, -5.08848e-05, 0.0019329, 0.999746, 0.0224648, 7.46342e-06, -0.0224649, 0.999747, 4.7974e-06, -0.00207373, -0.0853372 )
bounce = 0.5
bone_name = "Torso"
joint_constraints/angular_limit_enabled = true
joint_constraints/angular_limit_upper = 90.0
joint_constraints/angular_limit_lower = -90.0
joint_constraints/angular_limit_bias = 0.3
joint_constraints/angular_limit_softness = 0.9
joint_constraints/angular_limit_relaxation = 1.0

[node name="CollisionShape" type="CollisionShape" parent="Armature/Physical Bone Torso" index="0"]
transform = Transform( 1, 0, 0, 0, 1, 0, 0, 0, 1, 0, 0, 0.0241845 )
shape = SubResource( 4 )

[node name="Physical Bone Pelvis" type="PhysicalBone" parent="Armature" index="8"]
transform = Transform( 1, 2.68221e-07, 0, 0, 0, -1, -2.68221e-07, 1, 0, 0, 1.01725, 0 )
visible = false
joint_type = 3
joint_offset = Transform( 1, 0, 0, 0, 1, 0, 0, 0, 1, 0, 0, 0.0574352 )
body_offset = Transform( 1, 2.98019e-08, 0, -2.98019e-08, 1, 0, 0, 0, 1, 0, 0, -0.0574352 )
bounce = 0.5
bone_name = "Pelvis"
joint_constraints/angular_limit_enabled = true
joint_constraints/angular_limit_upper = 90.0
joint_constraints/angular_limit_lower = -90.0
joint_constraints/angular_limit_bias = 0.3
joint_constraints/angular_limit_softness = 0.9
joint_constraints/angular_limit_relaxation = 1.0

[node name="CollisionShape" type="CollisionShape" parent="Armature/Physical Bone Pelvis" index="0"]
shape = SubResource( 5 )

[node name="Physical Bone ShoulderL" type="PhysicalBone" parent="Armature" index="9"]
transform = Transform( -0.00441069, -0.00430092, -0.999981, -0.999234, 0.0389148, 0.0042401, 0.0388959, 0.999234, -0.00446834, 0.191273, 1.53544, -0.0109878 )
visible = false
joint_type = 3
joint_offset = Transform( 1, 0, 0, 0, 1, 0, 0, 0, 1, -0.0173973, 0.0118653, 0.0429041 )
body_offset = Transform( 0.998995, -0.0387866, 0.0224532, 0.0388964, 0.999234, -0.00446856, -0.0222627, 0.00533834, 0.999738, 0.0168767, -0.0109878, -0.0433435 )
bounce = 0.5
bone_name = "Shoulder.L"
joint_constraints/angular_limit_enabled = true
joint_constraints/angular_limit_upper = 90.0
joint_constraints/angular_limit_lower = -90.0
joint_constraints/angular_limit_bias = 0.3
joint_constraints/angular_limit_softness = 0.9
joint_constraints/angular_limit_relaxation = 1.0

[node name="CollisionShape" type="CollisionShape" parent="Armature/Physical Bone ShoulderL" index="0"]
shape = SubResource( 6 )

[node name="Physical Bone ShoulderR" type="PhysicalBone" parent="Armature" index="10"]
transform = Transform( -0.0489603, -0.0043006, 0.998792, 0.998036, 0.0389148, 0.0490907, -0.0390788, 0.999233, 0.00238726, -0.204585, 1.52656, -0.0123454 )
visible = false
joint_type = 3
joint_offset = Transform( 1, 0, 0, 0, 1, 0, 0, 0, 1, 0.0236221, 0.0131414, 0.0574724 )
body_offset = Transform( 0.998987, 0.0390162, 0.0224132, -0.0390793, 0.999233, 0.00238702, -0.022303, -0.00326011, 0.999746, -0.0253991, -0.0123454, -0.0568881 )
bounce = 0.5
bone_name = "Shoulder.R"
joint_constraints/angular_limit_enabled = true
joint_constraints/angular_limit_upper = 90.0
joint_constraints/angular_limit_lower = -90.0
joint_constraints/angular_limit_bias = 0.3
joint_constraints/angular_limit_softness = 0.9
joint_constraints/angular_limit_relaxation = 1.0

[node name="CollisionShape" type="CollisionShape" parent="Armature/Physical Bone ShoulderR" index="0"]
shape = SubResource( 7 )

[node name="Physical Bone UpperArmL" type="PhysicalBone" parent="Armature" index="11"]
transform = Transform( 0.0232075, -0.000652973, -0.999731, -0.999468, -0.0230071, -0.0231856, -0.0229845, 0.999735, -0.00118671, 0.389881, 1.54054, -0.0140072 )
visible = false
joint_type = 3
joint_offset = Transform( 1, 0, 0, 0, 1, 0, 0, 0, 1, -0.0139026, 0.0138599, 0.142023 )
body_offset = Transform( 0.999467, 0.0230067, 0.0231856, -0.0220884, 0.998993, -0.0390581, -0.0240616, 0.0385249, 0.998968, 0.0102835, -0.00860583, -0.142745 )
bounce = 0.5
bone_name = "UpperArm.L"
joint_constraints/angular_limit_enabled = true
joint_constraints/angular_limit_upper = 90.0
joint_constraints/angular_limit_lower = -90.0
joint_constraints/angular_limit_bias = 0.3
joint_constraints/angular_limit_softness = 0.9
joint_constraints/angular_limit_relaxation = 1.0

[node name="CollisionShape" type="CollisionShape" parent="Armature/Physical Bone UpperArmL" index="0"]
transform = Transform( 1, 8.52651e-14, 8.88178e-16, 0, 1, 0, 6.21725e-15, 0, 1, 0, 0, 0 )
shape = SubResource( 8 )

[node name="Physical Bone UpperArmR" type="PhysicalBone" parent="Armature" index="12"]
transform = Transform( 0.0325253, -0.00330874, 0.999465, 0.999069, 0.0284832, -0.0324171, -0.0283611, 0.999589, 0.0042329, -0.398457, 1.53648, -0.0235392 )
visible = false
joint_type = 3
joint_offset = Transform( 1, 0, 0, 0, 1, 0, 0, 0, 1, 0.018568, 0.0234386, 0.150447 )
body_offset = Transform( 0.999068, 0.0284836, -0.0324171, -0.0295733, 0.998997, -0.0336323, 0.0314277, 0.0345605, 0.998908, -0.0143412, -0.0178061, -0.151676 )
bounce = 0.5
bone_name = "UpperArm.R"
joint_constraints/angular_limit_enabled = true
joint_constraints/angular_limit_upper = 90.0
joint_constraints/angular_limit_lower = -90.0
joint_constraints/angular_limit_bias = 0.3
joint_constraints/angular_limit_softness = 0.9
joint_constraints/angular_limit_relaxation = 1.0

[node name="CollisionShape" type="CollisionShape" parent="Armature/Physical Bone UpperArmR" index="0"]
shape = SubResource( 8 )

[node name="Physical Bone LowerArmL" type="PhysicalBone" parent="Armature" index="13"]
transform = Transform( 0.00208131, -0.071866, -0.997411, -0.999466, -0.032663, 0.000267766, -0.0325973, 0.996879, -0.0718954, 0.705317, 1.54389, 0.00165598 )
visible = false
joint_type = 3
joint_offset = Transform( 1, 0, 0, 0, 1, 0, 0, 0, 1, -0.0068576, -0.00104577, 0.165829 )
body_offset = Transform( 0.999466, 0.0326626, -0.000267744, -0.0326473, 0.998689, -0.0394267, -0.0010204, 0.0394146, 0.999222, 0.0069325, 0.00735861, -0.165666 )
bounce = 0.5
bone_name = "LowerArm.L"
joint_constraints/angular_limit_enabled = true
joint_constraints/angular_limit_upper = 90.0
joint_constraints/angular_limit_lower = -90.0
joint_constraints/angular_limit_bias = 0.3
joint_constraints/angular_limit_softness = 0.9
joint_constraints/angular_limit_relaxation = 1.0

[node name="CollisionShape" type="CollisionShape" parent="Armature/Physical Bone LowerArmL" index="0"]
transform = Transform( 1, -1.13687e-13, -2.13163e-14, -8.52651e-14, 1, -7.45058e-09, 0, 0, 1, 0, 0, -0.0695922 )
shape = SubResource( 9 )

[node name="Physical Bone LowerArmR" type="PhysicalBone" parent="Armature" index="14"]
transform = Transform( -0.457625, -0.827783, -0.324583, 0.707704, -0.118108, -0.696568, 0.538271, -0.548473, 0.639874, -0.472357, 1.9423, -0.0282906 )
visible = false
joint_type = 3
joint_offset = Transform( 1, 0, 0, 0, 1, 0, 0, 0, 1, -0.236842, 0.0927762, 0.305647 )
body_offset = Transform( 0.707704, -0.118108, -0.696567, 0.523106, -0.575099, 0.628983, -0.474884, -0.809512, -0.345217, 0.391475, -0.0149977, 0.0681453 )
bounce = 0.5
bone_name = "LowerArm.R"
joint_constraints/angular_limit_enabled = true
joint_constraints/angular_limit_upper = 90.0
joint_constraints/angular_limit_lower = -90.0
joint_constraints/angular_limit_bias = 0.3
joint_constraints/angular_limit_softness = 0.9
joint_constraints/angular_limit_relaxation = 1.0

[node name="CollisionShape" type="CollisionShape" parent="Armature/Physical Bone LowerArmR" index="0"]
transform = Transform( 1, -5.68434e-14, 1.77636e-15, 2.84217e-14, 1, -3.72529e-09, 3.55271e-15, 0, 1, 0, -1.86265e-09, -0.0690024 )
shape = SubResource( 9 )

[node name="Physical Bone UpperLegL" type="PhysicalBone" parent="Armature" index="15"]
transform = Transform( 0.00249442, -1.00004, -6.67673e-05, -0.0965145, -0.000305864, 0.995331, -0.995328, -0.00247656, -0.0965151, 0.148523, 0.780637, 0.00741512 )
visible = false
joint_type = 3
joint_offset = Transform( 1, 0, 0, 0, 1, 0, 0, 0, 1, -0.0146865, -2.09076e-05, 0.228286 )
body_offset = Transform( 0.998231, 0.00248604, 0.0593969, -0.00249413, 0.999997, 6.67673e-05, -0.0593964, -0.00021483, 0.998234, 0.00110109, -3.09646e-05, -0.228755 )
bounce = 0.5
bone_name = "UpperLeg.L"
joint_constraints/angular_limit_enabled = true
joint_constraints/angular_limit_upper = 90.0
joint_constraints/angular_limit_lower = -90.0
joint_constraints/angular_limit_bias = 0.3
joint_constraints/angular_limit_softness = 0.9
joint_constraints/angular_limit_relaxation = 1.0

[node name="CollisionShape" type="CollisionShape" parent="Armature/Physical Bone UpperLegL" index="0"]
transform = Transform( 1, 0, 0, 7.10543e-14, 1, 4.44089e-15, 0, -3.55271e-15, 1, 0.0197185, 0, -0.0557221 )
shape = SubResource( 10 )

[node name="Physical Bone UpperLegR" type="PhysicalBone" parent="Armature" index="16"]
transform = Transform( 0.00100625, 1.00004, 0.000993076, 0.105581, -0.0010925, 0.99441, 0.99441, -0.000895823, -0.105582, -0.148724, 0.776122, 0.0226433 )
visible = false
joint_type = 3
joint_offset = Transform( 1, 0, 0, 0, 1, 0, 0, 0, 1, 0.00210004, -3.07412e-06, 0.234241 )
body_offset = Transform( 0.997651, -0.000935676, -0.0684915, 0.00100602, 0.999999, 0.000993058, 0.0684905, -0.00105978, 0.997651, 0.0139484, -0.000231653, -0.233835 )
bounce = 0.5
bone_name = "UpperLeg.R"
joint_constraints/angular_limit_enabled = true
joint_constraints/angular_limit_upper = 90.0
joint_constraints/angular_limit_lower = -90.0
joint_constraints/angular_limit_bias = 0.3
joint_constraints/angular_limit_softness = 0.9
joint_constraints/angular_limit_relaxation = 1.0

[node name="CollisionShape" type="CollisionShape" parent="Armature/Physical Bone UpperLegR" index="0"]
transform = Transform( 1, 0, 0, 0, 1, 0, 0, 4.44089e-14, 1, -0.0197185, 0, -0.0557221 )
shape = SubResource( 10 )

[node name="Physical Bone LowerLegL" type="PhysicalBone" parent="Armature" index="17"]
transform = Transform( 0.00168538, -1.00004, -0.00183993, 0.0811252, -0.00169594, 0.996702, -0.996703, -0.00182924, 0.0811219, 0.14902, 0.315886, 0.0128343 )
visible = false
joint_type = 3
joint_offset = Transform( 1, 0, 0, 0, 1, 0, 0, 0, 1, 0.0185772, 7.03233e-05, 0.266005 )
body_offset = Transform( 0.9987, 0.00177694, -0.050951, -0.00168521, 0.999997, 0.00183985, 0.0509542, -0.00175184, 0.998699, -0.005, -0.000528425, -0.266605 )
bounce = 0.5
bone_name = "LowerLeg.L"
joint_constraints/angular_limit_enabled = true
joint_constraints/angular_limit_upper = 90.0
joint_constraints/angular_limit_lower = -90.0
joint_constraints/angular_limit_bias = 0.3
joint_constraints/angular_limit_softness = 0.9
joint_constraints/angular_limit_relaxation = 1.0

[node name="CollisionShape" type="CollisionShape" parent="Armature/Physical Bone LowerLegL" index="0"]
transform = Transform( 1, 0, -9.31323e-09, -3.55271e-14, 1, 1.33227e-15, 9.31323e-09, -4.44089e-14, 1, -0.00181231, 0, -0.0599164 )
shape = SubResource( 11 )

[node name="Physical Bone LowerLegR" type="PhysicalBone" parent="Armature" index="18"]
transform = Transform( -1.22738e-05, 1.00004, 0.00141349, -0.0808246, -0.00140864, 0.996727, 0.996728, -0.000102128, 0.0808257, -0.149308, 0.322038, 0.0293798 )
visible = false
joint_type = 3
joint_offset = Transform( 1, 0, 0, 0, 1, 0, 0, 0, 1, -0.0344923, 0.000450177, 0.258541 )
body_offset = Transform( 0.998716, -5.92981e-05, 0.0506542, -1.23752e-05, 0.999999, 0.00141343, -0.050653, -0.00141245, 0.998715, 0.0213519, -0.000816032, -0.259955 )
bounce = 0.5
bone_name = "LowerLeg.R"
joint_constraints/angular_limit_enabled = true
joint_constraints/angular_limit_upper = 90.0
joint_constraints/angular_limit_lower = -90.0
joint_constraints/angular_limit_bias = 0.3
joint_constraints/angular_limit_softness = 0.9
joint_constraints/angular_limit_relaxation = 1.0

[node name="CollisionShape" type="CollisionShape" parent="Armature/Physical Bone LowerLegR" index="0"]
transform = Transform( 1, 0, 7.45058e-09, 5.68434e-14, 1, 1.11022e-15, -7.45058e-09, -2.9754e-14, 1, 0.00181232, 0, -0.0599164 )
shape = SubResource( 11 )

[node name="HitBoxHead" type="BoneAttachment" parent="Armature" index="19"]
transform = Transform( 0.999016, 0.0443467, 0.000578833, -0.000578838, 0.0260877, -0.99966, -0.0443467, 0.998676, 0.0260877, -0.000277757, 1.67126, -0.013904 )
bone_name = "Head"

[node name="Area" type="Area" parent="Armature/HitBoxHead" index="0"]
collision_layer = 2
collision_mask = 0

[node name="CollisionShape" type="CollisionShape" parent="Armature/HitBoxHead/Area" index="0"]
transform = Transform( 1, -2.84217e-14, 0, 2.84217e-14, 1, 4.65661e-10, 0, 0, 1, 8.88178e-16, 0.0272074, -0.103689 )
shape = SubResource( 1 )

[node name="HitBoxNeck" type="BoneAttachment" parent="Armature" index="20"]
transform = Transform( 0.887347, -0.461103, 0.000578833, 0.0125426, 0.022882, -0.99966, 0.460932, 0.887052, 0.0260877, -0.000209755, 1.55382, -0.0108393 )
bone_name = "Neck"

[node name="Area" type="Area" parent="Armature/HitBoxNeck" index="0"]
transform = Transform( 1, 2.84217e-14, 0, -2.84217e-14, 1, 0, 0, 0, 1, 0, 0, -0.11748 )
collision_layer = 2
collision_mask = 0

[node name="CollisionShape" type="CollisionShape" parent="Armature/HitBoxNeck/Area" index="0"]
transform = Transform( 1, 1.69407e-21, -2.84217e-14, 2.84217e-14, -4.37114e-08, 1, 1.32349e-22, -1, -4.37114e-08, 7.94093e-23, -1.80439e-09, 0.0762005 )
shape = SubResource( 2 )

[node name="HitBoxChest" type="BoneAttachment" parent="Armature" index="21"]
transform = Transform( 0.887347, -0.461103, 0.000578833, 0.0125426, 0.022882, -0.99966, 0.460933, 0.887052, 0.0260877, -3.07362e-05, 1.24465, -0.00277099 )
bone_name = "Chest"

[node name="Area" type="Area" parent="Armature/HitBoxChest" index="0"]
transform = Transform( 1, 2.38419e-07, 0, -2.38419e-07, 1, 0, 0, 0, 1, 0, 0, -0.426755 )
collision_layer = 2
collision_mask = 0

[node name="CollisionShape" type="CollisionShape" parent="Armature/HitBoxChest/Area" index="0"]
transform = Transform( 1, -2.38419e-07, 0, 2.38419e-07, 1, 0, 0, 0, 1, 0, 0, 0.302916 )
shape = SubResource( 3 )

[node name="HitBoxTorso" type="BoneAttachment" parent="Armature" index="22"]
transform = Transform( 0.999754, 0.0221809, 0.000144732, -0.000144735, 0.0130482, -0.999915, -0.0221809, 0.999669, 0.0130482, 0, 1.0323, 0 )
bone_name = "Torso"

[node name="Area" type="Area" parent="Armature/HitBoxTorso" index="0"]
transform = Transform( 1, 2.84217e-14, 0, -2.84217e-14, 1, 0, 0, 0, 1, 0, 0, -0.639121 )
collision_layer = 2
collision_mask = 0

[node name="CollisionShape" type="CollisionShape" parent="Armature/HitBoxTorso/Area" index="0"]
transform = Transform( 1, -2.84217e-14, 0, 2.84217e-14, 1, 0, 0, 0, 1, 0, 0, 0.571901 )
shape = SubResource( 4 )

[node name="HitBoxPelvis" type="BoneAttachment" parent="Armature" index="23"]
transform = Transform( 1, 2.38419e-07, 0, 0, 0, -1, -2.38419e-07, 1, 0, 0, 0.859052, 0 )
bone_name = "Pelvis"

[node name="Area" type="Area" parent="Armature/HitBoxPelvis" index="0"]
transform = Transform( 1, 5.68434e-14, 0, -5.68434e-14, 1, 0, 0, 0, 1, 0, 0, -0.812367 )
collision_layer = 2
collision_mask = 0

[node name="CollisionShape" type="CollisionShape" parent="Armature/HitBoxPelvis/Area" index="0"]
transform = Transform( 1, -5.68434e-14, 0, 5.68434e-14, 1, 0, 0, 0, 1, 0, 0, 0.718014 )
shape = SubResource( 5 )

[node name="HitBoxUpperArmL" type="BoneAttachment" parent="Armature" index="24"]
transform = Transform( -0.734299, -0.530535, 0.423483, -0.385188, 0.839331, 0.383607, -0.558959, 0.118562, -0.820675, 0.219526, 1.45308, 0.105981 )
bone_name = "UpperArm.L"

[node name="Area" type="Area" parent="Armature/HitBoxUpperArmL" index="0"]
transform = Transform( -2.25982e-08, -3.99434e-07, 0.999999, 0.0378822, 0.999282, 4.04485e-07, -0.999282, 0.0378822, -8.34572e-08, -0.221357, -0.0093784, 0.247387 )
collision_layer = 2
collision_mask = 0

[node name="CollisionShape" type="CollisionShape" parent="Armature/HitBoxUpperArmL/Area" index="0"]
transform = Transform( -9.87201e-08, 0.0378822, -0.999282, -4.01033e-07, 0.999282, 0.0378822, 1, 4.00003e-07, -7.45058e-09, 0.401971, -0.00585343, 0.221357 )
shape = SubResource( 8 )

[node name="HitBoxUpperArmR" type="BoneAttachment" parent="Armature" index="25"]
transform = Transform( -0.672574, 0.432936, 0.600175, 0.737853, 0.454492, 0.499011, -0.0567355, 0.778462, -0.625122, -0.219825, 1.44687, -0.12224 )
bone_name = "UpperArm.R"

[node name="Area" type="Area" parent="Armature/HitBoxUpperArmR" index="0"]
transform = Transform( -2.25984e-08, 3.99433e-07, -0.999999, -0.0378827, 0.999282, 4.04485e-07, 0.999282, 0.0378827, -8.34572e-08, 0.221357, -0.0093784, 0.247387 )
collision_layer = 2
collision_mask = 0

[node name="CollisionShape" type="CollisionShape" parent="Armature/HitBoxUpperArmR/Area" index="0"]
transform = Transform( -9.87203e-08, -0.0378827, 0.999282, 4.01033e-07, 0.999282, 0.0378827, -1, 4.00003e-07, -7.45059e-09, -0.401971, -0.00585363, 0.221357 )
shape = SubResource( 8 )

[node name="HitBoxLowerArmL" type="BoneAttachment" parent="Armature" index="26"]
transform = Transform( -0.734299, -0.0675671, 0.675455, -0.385188, 0.860804, -0.332637, -0.558959, -0.504432, -0.658113, 0.0956044, 1.34083, 0.34613 )
bone_name = "LowerArm.L"

[node name="Area" type="Area" parent="Armature/HitBoxLowerArmL" index="0"]
transform = Transform( 6.56396e-09, -3.99604e-07, 0.999999, -0.0325151, 0.999471, 3.9873e-07, -0.999471, -0.0325151, -8.25663e-08, -0.221357, 0.0286367, 0.539332 )
collision_layer = 2
collision_mask = 0

[node name="CollisionShape" type="CollisionShape" parent="Armature/HitBoxLowerArmL/Area" index="0"]
transform = Transform( -6.95579e-08, -0.0325151, -0.999471, -4.01204e-07, 0.999471, -0.0325151, 1, 3.99606e-07, -6.4327e-09, 0.815413, -0.00212468, 0.221357 )
shape = SubResource( 9 )

[node name="HitBoxLowerArmR" type="BoneAttachment" parent="Armature" index="27"]
transform = Transform( -0.672574, 0.610802, -0.41781, 0.737853, 0.510207, -0.441886, -0.0567361, -0.605482, -0.793834, -0.395451, 1.30085, 0.0606859 )
bone_name = "LowerArm.R"

[node name="Area" type="Area" parent="Armature/HitBoxLowerArmR" index="0"]
transform = Transform( 6.56376e-09, 3.99604e-07, -0.999999, 0.0325146, 0.999471, 3.98729e-07, 0.999471, -0.0325146, -8.25663e-08, 0.221357, 0.0286367, 0.539332 )
collision_layer = 2
collision_mask = 0

[node name="CollisionShape" type="CollisionShape" parent="Armature/HitBoxLowerArmR/Area" index="0"]
transform = Transform( -6.95581e-08, 0.0325146, 0.999471, 4.01204e-07, 0.999471, -0.0325146, -1, 3.99606e-07, -6.43268e-09, -0.814816, -0.0021445, 0.221357 )
shape = SubResource( 9 )

[node name="HitBoxUpperLegL" type="BoneAttachment" parent="Armature" index="28"]
transform = Transform( 5.56747e-07, -1.00011, 1.63313e-06, -0.644982, 2.26492e-06, 0.764198, -0.764198, -1.5302e-06, -0.644982, 0.148492, 0.908517, 5.79509e-09 )
bone_name = "UpperLeg.L"

[node name="Area" type="Area" parent="Armature/HitBoxUpperLegL" index="0"]
transform = Transform( 4.36924e-07, -0.999307, 0.0372251, -0.99996, -4.36533e-07, 1.61225e-08, 1.37689e-06, -0.0372251, -0.999307, -0.0283991, 0.148486, 0.762373 )
collision_layer = 2
collision_mask = 0

[node name="CollisionShape" type="CollisionShape" parent="Armature/HitBoxUpperLegL/Area" index="0"]
transform = Transform( 4.36848e-07, -1.00004, 1.38655e-10, -0.999307, -4.87896e-07, -0.0372251, 0.0372251, -1.35973e-06, -0.999307, 0.148492, -0.0176305, 1.02867 )
shape = SubResource( 10 )

[node name="HitBoxUpperLegR" type="BoneAttachment" parent="Armature" index="29"]
transform = Transform( -6.76384e-07, 1.00011, -1.23602e-06, 0.0235642, 2.62476e-06, 0.999722, 0.999722, 5.9582e-07, -0.0235642, -0.148492, 0.908517, 2.03544e-09 )
bone_name = "UpperLeg.R"

[node name="Area" type="Area" parent="Armature/HitBoxUpperLegR" index="0"]
transform = Transform( -4.73296e-08, 0.999307, -0.0372251, 0.99996, 4.74041e-08, -1.6271e-09, -1.37376e-06, -0.0372251, -0.999307, 0.0283991, 0.148486, 0.762373 )
collision_layer = 2
collision_mask = 0

[node name="CollisionShape" type="CollisionShape" parent="Armature/HitBoxUpperLegR/Area" index="0"]
transform = Transform( -4.74337e-08, 1.00004, 1.3866e-10, 0.999307, -3.84196e-09, -0.0372251, -0.0372251, -1.37463e-06, -0.999307, -0.148492, -0.0176306, 1.02867 )
shape = SubResource( 10 )

[node name="HitBoxLowerLegL" type="BoneAttachment" parent="Armature" index="30"]
transform = Transform( 1.41894e-06, -1.00011, 1.17264e-06, -0.0467188, 2.48102e-06, 0.998909, -0.998909, -1.52357e-06, -0.0467188, 0.148491, 0.582166, 0.27544 )
bone_name = "LowerLeg.L"

[node name="Area" type="Area" parent="Armature/HitBoxLowerLegL" index="0"]
transform = Transform( 4.36789e-07, -0.999542, -0.0302335, -0.99996, -3.43935e-07, -3.07927e-09, 1.36629e-06, 0.0302335, -0.999542, 0.0518573, 0.148486, 1.18863 )
collision_layer = 2
collision_mask = 0

[node name="CollisionShape" type="CollisionShape" parent="Armature/HitBoxLowerLegL/Area" index="0"]
transform = Transform( 3.43884e-07, -1.00004, -7.3208e-09, -0.999543, -3.95297e-07, 0.0302336, -0.0302336, -1.37893e-06, -0.999543, 0.148492, 0.0158971, 1.51202 )
shape = SubResource( 11 )

[node name="HitBoxLowerLegR" type="BoneAttachment" parent="Armature" index="31"]
transform = Transform( 1.4435e-07, 1.00011, -1.44788e-06, -0.589708, 2.62759e-06, 0.807617, 0.807617, 6.85985e-07, 0.589708, -0.148491, 0.481585, 0.0100631 )
bone_name = "LowerLeg.R"

[node name="Area" type="Area" parent="Armature/HitBoxLowerLegR" index="0"]
transform = Transform( -4.72745e-08, 0.999542, 0.0302335, 0.99996, 1.40167e-07, -3.08423e-09, -1.37809e-06, 0.0302335, -0.999542, -0.0518573, 0.148486, 1.18863 )
collision_layer = 2
collision_mask = 0

[node name="CollisionShape" type="CollisionShape" parent="Armature/HitBoxLowerLegR/Area" index="0"]
transform = Transform( -1.40015e-07, 1.00004, -7.32086e-09, 0.999543, 8.89211e-08, 0.0302336, 0.0302336, -1.37609e-06, -0.999543, -0.148492, 0.015897, 1.51202 )
shape = SubResource( 11 )

[node name="CameraBoneAttachment" parent="Armature" index="32"]
transform = Transform( -0.999016, -0.000578936, -0.0443465, 0.000578745, 0.99966, -0.026088, 0.0443465, -0.0260881, -0.998676, 0.00233999, 1.75671, 0.043952 )
visible = false

[node name="AnimationTree" type="AnimationTree" parent="." index="1"]
tree_root = SubResource( 79 )
anim_player = NodePath("../Armature/AnimationPlayer")
active = true
process_mode = 0
root_motion_track = NodePath(".:Root")
parameters/look/blend_position = Vector2( 0.029, 0.015 )
parameters/look_blend/blend_amount = 1.0
parameters/move_speed/scale = 1.2
parameters/move_state/playback = SubResource( 80 )
parameters/move_state/crouch/blend_position = Vector2( 0, 0 )
parameters/move_state/run/blend_position = Vector2( 0, 0 )
parameters/move_state/slide/speed/scale = 1.0
parameters/move_state/sprint/speed/scale = 1.0
parameters/move_state/turn/direction/blend_position = 0.998113
parameters/move_state/turn/speed/scale = 2.0
parameters/move_state/vault/speed/scale = 1.5
parameters/weapon_blend/blend_amount = 1.0
parameters/weaponstate/playback = SubResource( 81 )
parameters/weaponstate/aim/fire/active = false
